%1st part
A1=[0 1;0 -1.9375];
B1=[0;0.3125];
C1=eye(2);
D1=[0;0];
KC1=100;
KC2=0;
KC=[KC1 KC2];
Pos=0.3;
initial1=[0.5 3];

%2nd part
A2=[0 0 1 0;0 0 0 1;0 -0.8818 -1.9148 0.0056;0 21.4964 3.8498 -0.1362];
B2=[0;0;0.3088;-0.6209];
C2=eye(4);
D2=[0;0;0;0];
KCI1=0;
KCI2=0;
KCI3=0;
KCI4=0;
KCI=[KCI1 KCI2 KCI3 KCI4];
initial2=[0.3 0 3 12];